# map1

boundary 0.0 -5.0 0.0 10.0 20.0 6.0

block  0.0  2.0  0.0 10.0  2.5  1.5 255   0   0
block  0.0  2.0  4.5 10.0  2.5  6.0 255   0   0
block  2.0  4  0.0 10.0  4.5  6.0 0 200 0  
block  0.0  7.0  0.0 6.0  7.5 6.0 0 200 0   

block  0.0  9.0  4.5 10.0  9.5  6.0 255   0   0
block  0.0  11.0  3.5 10.0  11.5  6.0 255   0   0
block  0.0  13.0  4.5 10.0  13.5  6.0 255   0   0

block  0.0  9.0  0 10.0  9.5  3.0 255   0   0
block  0.0  11.0  0 10.0  11.5  1.0 255   255   0
block  0.0  13.0  0 10.0  13.5  3.0 255   0   0

block  0.0  9.0  3.0 6.0  9.5  4.5 255   0   0
block  0.0  11.0  1.0 3.0  11.5  3.5 255   255   0
block  0.0  13.0  3.0 6.0  13.5  4.5 255   0   255

block  8.0  9.0  3.0 10.0  9.5  4.5 255   0   0
block  5.0  11.0  1.0 10.0  11.5  3.5 255   255   0
block  8.0  13.0  3.0 10.0  13.5  4.5 255   0   255

block  0.0  2.0  1.5  3.0  2.5  4.5 255   0   0
block  7.0  2.0  1.5 10.0  2.5  4.5 255   0   0

block  2.0  0.0  0.0  7.0  0.5  6.0 255   0   0

block   0.0 15.0  0.0 10.0 20.0  1.0 0  200   0
block   0.0 15.0  1.0 10.0 16.0  3.5 0  200   0
block   0.0 18.0  4.5 10.0 19.0  6.0 0  200   0
